10029574
10029616
10029391
10029702
10029479
10029701
10029585
10029377
10029600
10029390
10029594
10029591
10029599
10029602
10029598
10029588
10029593
10029610
10029386
10029595
10029382
10029700
10029586
10029597
10029604
10029603
10029617
10029611
10029363
10029592
10029606
10029703
10029704
10029698
10029365
10029601
10029587
10029403
10027922
10029289
10027730
10029501
10029281
10027027
10027347
10026983
10029676
10027013
10027978
10027017
10027909
10026822
10027965
10026899
10027979
10027028
10029533
10026963
10027073
10026840
10027052
10026930
10027003
10027089
10026779
10026966
10029675
10026920
10026771
10027061
10029674
10026967
10026777
10027087
10027034
10026837
10029308
10026921
10026991
10026882
10026961
10027019
10026979
10026881
10026954
10026924
10026798
10027070
10026811
10027016
10026917
10026922
10027010
10027020
10029500
10026859
10026827
10027056
10026809
10026883
10026885
10026965
10026888
10027005
10026870
10026862
10028006
10026964
10026939
10027024
10026817
10026783
10026866
10026865
10028004
10026781
10028000
10027633
10027084
10027340
10029589
10027508
10029579
10027505
10029580
10027271
10026874
10029596
10026769
10027048
10026911
10027603
10026993
10027937
10026876
10027892
10029578
10027878
10026971
10027874
10029582
10027751
10026918
10027726
10027018
10027870
10026981
10027807
10026854
10027946
10026847
10027701
10026826
10027699
10029284
10027032
10026909
10027106
10027036
10026804
10026800
10026997
10026828
10026861
10027037
10026898
10026796
10026901
10027140
10027014
10027011
10026945
10026797
10027060
10029584
10026902
10026857
10026801
10026794
10026838
10029506
10026807
10029573
10027025
10027997
10027029
10026976
10026768
10026952
10026786
10026933
10027118
10029590
10027487
10029613
10029499
10026891
10027240
10027302
10029673
10026978
10027991
10026955
10027881
10028002
10027875
10029283
10027976
10029505
10027062
10029575
10026982
10029605
10026846
10026957
10027050
10026856
10026893
10027346
10027030
10027067
10026884
10026852
10026879
10026853
10027004
10029287
10027109
10026791
10027550
10026869
10027942
10029583
10027771
10029615
10027660
10026974
10026947
10026913
10026928
10026812
10027049
10026855
10027026
10029577
10026864
10029677
10029581
10029576
10027956
10026834
10027068
10026772
10026803
10027635
10026908
10026770
10026977
10026980
10027894
10026985
10027021
10027865
