10029859
10029879
10029896
10029876
10029851
10029863
10029881
10029889
10029899
10029739
10029742
10029904
10029901
10029417
10029856
10029883
10029860
10029872
10029878
10029884
10029886
10029898
10029882
10029848
10029871
10029880
10029824
10029909
10029741
10029888
10029890
10029902
10029854
10029862
10029738
10029891
10029893
10029887
10029857
10029560
10029897
10029743
10029892
10029865
10029895
10029850
10029858
10029903
10029907
10027672
10029866
10027868
10027470
10027811
10027194
10027936
10027757
10027931
10027716
10027662
10027183
10029855
10027283
10027988
10027522
10027929
10027269
10027887
10027255
10027516
10027591
10027963
10027601
10027948
10027531
10027925
10027684
10029838
10027143
10029823
10027336
10029497
10027146
10029495
10027389
10029861
10027079
10029842
10027350
10029490
10027524
10027620
10027394
10027306
10027349
10027989
10027474
10027783
10027386
10027938
10027529
10027918
10027181
10027720
10027124
10029917
10027630
10027228
10027544
10027756
10027590
10029310
10027161
10029498
10027395
10029491
10027332
10027472
10027359
10029493
10027558
10029920
10027413
10027632
10027128
10029331
10027504
10027538
10027509
10029280
10027116
10029834
10027317
10029570
10027175
10027378
10027239
10029923
10027693
10027173
10027177
10027308
10029488
10027905
10027366
10029492
10029873
10027357
10027610
10027125
10027449
10027679
10027879
10027352
10027777
10027906
10027902
10027172
10027772
10027195
10027780
10027904
10027795
10027236
10027743
10027115
10027627
10027108
10027888
10027104
10027775
10027218
10027863
10029288
10027856
10027217
10027851
10029826
10027664
10029290
10027476
10029875
10027360
10029853
10027827
10027540
10027526
10029847
10027256
10029841
10027687
10027098
10027339
10027583
10027379
10026975
10027309
10027307
10027429
10027477
10027680
10029516
10027123
10029833
10027430
10027207
10027585
10027387
10027171
10029849
10027253
10029870
10027678
10027987
10027397
10027383
10027545
10029831
10027648
10029837
10027651
10029489
10027611
10029827
10027299
10029832
10027500
10027427
10027279
10029843
10027755
10029829
10027735
10029874
10027768
10029869
10027748
10029867
10027928
10027388
10027846
10029885
10027475
10029864
10027185
10027338
10027536
10027393
10027103
10027362
10027264
10027377
10027381
10029307
10027134
10027525
10027599
10026821
10027469
10027094
10027211
10027047
10027176
10029411
10029330
10029906
10027371
10029839
10027817
10029868
10027779
10029877
10027850
10029900
10027117
10029894
10027434
10027572
10027315
10029494
10027637
10026836
10027303
10029822
10027645
10029835
10027899
10026914
10027517
10029908
10027528
10027689
10027636
10029828
10027238
10027776
10029852
10029830
10029825
10029846
10027843
10027564
10027356
10027334
10029430
10029420
10029967
10029972
10029955
10029431
10029426
10029427
10029736
10029432
10029422
10029971
10029424
10029943
10029954
10029951
10029953
10029945
10029957
10029940
10029933
10029970
10029958
10029952
10029935
10029938
10029394
10029941
10029969
10029936
10029944
10029419
10029937
10029928
10029962
10029428
10029946
10029927
10029947
10029939
10029964
10029931
10027419
10026558
10027410
10027333
10027489
10027683
10027120
10027131
10027369
10027424
10027166
10027080
10027450
10027252
10027370
10027354
10027341
10027167
10027455
10027493
10027321
10027452
10027296
10027563
10027276
10027553
10027275
10027443
10027273
10027402
10027605
10027408
10027415
10027214
10027295
10027503
10027245
10027828
10027439
10027197
10027454
10027329
10027164
10027407
10027518
10027292
10027877
10027298
10027977
10027343
10027912
10027446
10027895
10027607
10027897
10027278
10027901
10027451
10027891
10027652
10027670
10027761
10029948
10027249
10027990
10027723
10027752
10027281
10027835
10027497
10027839
10027829
10027669
10027496
10027791
10027345
10027740
10027494
10027622
10027606
10027781
10027593
10027738
10027355
10027782
10029932
10027962
10027650
10027753
10029929
10027422
10027174
10027732
10029261
10027665
10029966
10027330
10027390
10027889
10027589
10027837
10027534
10027793
10027643
10027737
10029968
10027744
10027254
10027749
10027826
10027819
10027715
10027864
10027189
10027855
10026833
10027854
10027212
10027852
10027409
10027405
10027479
10027849
10027270
10027696
10027226
10029836
10027297
10027673
10027262
10029965
10027448
10027754
10027972
10027677
10027438
10029949
10027511
10027178
10027908
10027823
10027766
10027818
10027411
10027873
10027765
10027808
10027653
10027193
10027416
10027467
10027187
10027941
10027156
10027661
10027556
10027432
10027571
10027758
10027364
10027703
10029950
10027705
10029840
10029959
10029960
10027392
10027654
10027530
10027971
10029844
10029973
10027110
10027596
10027204
10027717
10030293
10027559
10027885
10027404
10027882
10027595
10027287
10027243
10027629
10027567
10027668
10027219
10027478
10027367
10027676
10027323
10029845
10027656
10029956
10027722
10027943
10027691
10027959
10027294
10027958
10027523
10027945
10029410
10029978
10027586
10027671
10027322
10027950
10027480
10027949
10027412
10027944
10027907
10027625
10027760
10027970
10027658
10027420
10027588
10029961
10027532
10027099
10027324
10027468
10027368
10027141
10027763
10029963
10029930
10026872
10026790
10026943
10027158
10027501
10027248
10027461
10030563
10030578
10030564
10030464
10029429
10029934
10030577
10030465
10030581
10030470
10030582
10030585
10030477
10030466
10030479
10030570
10030472
10030567
10030467
10030569
10030462
10030565
10030469
10029746
10030575
10030568
10030574
10029418
10030572
10030463
10030478
10030566
10027241
10030474
10030471
10030576
10029744
10030461
10029421
10029745
10029425
10030573
10027512
10027114
10030571
10027515
10027261
10027890
10027316
10027788
10027604
10027886
10027486
10027833
10027498
10027860
10027574
10027861
10029607
10027853
10029763
10027729
10029619
10027845
10027372
10027859
10030468
10027848
10027403
10027727
10027488
10027862
10027398
10027844
10030476
10027674
10027151
10027986
10027170
10027697
10027584
10027821
10027406
10027836
10027380
10027812
10027686
10027871
10027707
10027869
10027577
10027867
10027224
10027801
10027898
10027802
10027396
10027805
10027521
10027806
10027838
10027810
10027745
10027804
10027750
10027581
10027947
10027961
10027794
10027702
10027778
10027911
10027457
10027616
10027787
10027866
10027363
10027675
10027830
10027841
10027344
10027910
10027721
10027667
10027646
10027460
10027435
10027491
10027293
10027358
10027453
10027533
10027640
10027456
10027465
10027953
10027539
10027618
10027444
10027579
10030475
10027421
10027900
10027513
10027644
10027968
10027792
10027939
10027932
10027624
10027747
10027615
10027790
10027969
10027235
10027920
10027274
10027880
10029905
10027960
10027391
10027376
10027284
10027934
10027957
10027709
10027915
10027983
10027736
10027993
10027982
10027698
10027220
10027623
10027447
10027923
10027384
10027797
10027463
10029618
10027642
10027587
10027431
10027896
10027425
10027441
10027382
10030673
10030666
10030684
10029423
10030683
10030676
10030682
10030670
10026792
10030664
10030579
10030671
10029395
10027602
10027230
10030649
10027952
10030647
10030665
10027184
10030677
10030668
10030669
10030662
10030681
10030663
10030667
10030678
10030672
10030648
10030675
10030646
10030679
10030674
10030580
10030644
10027092
10030680
10029574
10029616
10029391
10029702
10029479
10029701
10029585
10029377
10029600
10029390
10029594
10029591
10029599
10029602
10029598
10029588
10029593
10029610
10029386
10029595
10029382
10029700
10029586
10029597
10029604
10029603
10029617
10029611
10029363
10029592
10029606
10029703
10029704
10029698
10029365
10029601
10029587
10029403
10027922
10029289
10027730
10029501
10029281
10027027
10027347
10026983
10029676
10027013
10027978
10027017
10027909
10026822
10027965
10026899
10027979
10027028
10029533
10026963
10027073
10026840
10027052
10026930
10027003
10027089
10026779
10026966
10029675
10026920
10026771
10027061
10029674
10026967
10026777
10027087
10027034
10026837
10029308
10026921
10026991
10026882
10026961
10027019
10026979
10026881
10026954
10026924
10026798
10027070
10026811
10027016
10026917
10026922
10027010
10027020
10029500
10026859
10026827
10027056
10026809
10026883
10026885
10026965
10026888
10027005
10026870
10026862
10028006
10026964
10026939
10027024
10026817
10026783
10026866
10026865
10028004
10026781
10028000
10027633
10027084
10027340
10029589
10027508
10029579
10027505
10029580
10027271
10026874
10029596
10026769
10027048
10026911
10027603
10026993
10027937
10026876
10027892
10029578
10027878
10026971
10027874
10029582
10027751
10026918
10027726
10027018
10027870
10026981
10027807
10026854
10027946
10026847
10027701
10026826
10027699
10029284
10027032
10026909
10027106
10027036
10026804
10026800
10026997
10026828
10026861
10027037
10026898
10026796
10026901
10027140
10027014
10027011
10026945
10026797
10027060
10029584
10026902
10026857
10026801
10026794
10026838
10029506
10026807
10029573
10027025
10027997
10027029
10026976
10026768
10026952
10026786
10026933
10027118
10029590
10027487
10029613
10029499
10026891
10027240
10027302
10029673
10026978
10027991
10026955
10027881
10028002
10027875
10029283
10027976
10029505
10027062
10029575
10026982
10029605
10026846
10026957
10027050
10026856
10026893
10027346
10027030
10027067
10026884
10026852
10026879
10026853
10027004
10029287
10027109
10026791
10027550
10026869
10027942
10029583
10027771
10029615
10027660
10026974
10026947
10026913
10026928
10026812
10027049
10026855
10027026
10029577
10026864
10029677
10029581
10029576
10027956
10026834
10027068
10026772
10026803
10027635
10026908
10026770
10026977
10026980
10027894
10026985
10027021
10027865
10029731
10029760
10029719
10029757
10029729
10029723
10029720
10029769
10029754
10029751
10029753
10029752
10029718
10029728
10029717
10029770
10029714
10029708
10029722
10029721
10029765
10029749
10029730
10029762
10029748
10029756
10029771
10029750
10029737
10029766
10027847
10026940
10027580
10029689
10029802
10027046
10029776
10027031
10029773
10027071
10029787
10027069
10029792
10027065
10027188
10027044
10029772
10026808
10026962
10026994
10026868
10027542
10029621
10027482
10027096
10027232
10027163
10027682
10027012
10027631
10026919
10027464
10026996
10027342
10029286
10027216
10027076
10027831
10029724
10027546
10029716
10027649
10029711
10026912
10026929
10027613
10027072
10027320
10027057
10027400
10029713
10027440
10026851
10027555
10026988
10027840
10027007
10027784
10029725
10027927
10026972
10027924
10029609
10027857
10026784
10027824
10026766
10027700
10026813
10027621
10026915
10027954
10029732
10027975
10029768
10027984
10026816
10027930
10027074
10026878
10026956
10027059
10026932
10026897
10029726
10026984
10029764
10027148
10027000
10027481
10027033
10027690
10026973
10027565
10027112
10027561
10029735
10027569
10026849
10027200
10026907
10027401
10027053
10027789
10027009
10027903
10026890
10027713
10026968
10027711
10028009
10027985
10026886
10027955
10026795
10026948
10029707
10026896
10029712
10027462
10029709
10027168
10029710
10027093
10026871
10027301
10026887
10027734
10029747
10027800
10029727
10027628
10026989
10027055
10029733
10027314
10026970
10027319
10029715
10026867
10026959
10027998
10029734
10027876
10027617
10027250
10027237
10027088
