10032504
10032508
10030473
10032502
10029416
10032496
10032505
10032503
10030600
10032497
10030737
10030617
10030744
10027592
10030616
10027685
10032510
10030590
10030593
10027289
10030624
10027365
10030594
10027325
10030629
10027495
10032498
10030589
10030597
10030619
10030611
10030632
10030596
10030595
10030609
10030592
10032499
10030623
10030598
10027473
10030621
10030591
10032506
10027541
10030615
10027562
10030630
10030605
10030631
10027770
10030636
10030639
10030640
10030706
10030748
10030601
10032501
10027135
10030620
10027834
10030599
10032500
10027090
10030634
10032509
10030766
10030614
10027694
10030641
10032576
10032577
10032578
10030723
10032574
10030772
10027132
10030786
10027549
10030699
10032563
10030742
10030771
10030755
10027764
10032566
10032558
10032573
10030732
10032567
10030757
10032564
10030785
10030690
10032575
10030701
10030725
10030775
10030724
10030778
10030760
10030722
10030735
10030776
10030745
10030794
10030788
10030709
10030707
10030713
10030710
10027348
10030711
10030730
10027385
10030733
10030716
10030743
10030793
10030789
10030773
10030769
10032579
10030747
10027499
10030790
10029974
10032589
10029740
10032588
10032603
10032600
10030759
10027257
10030791
10027300
10030770
10029262
10030698
10032595
10027471
10032605
10030729
10032590
10027234
10032593
10030739
10030761
10030740
10030708
10030765
10031386
10030696
10030704
10032625
10032601
10032598
10027639
10032602
10030963
10030981
10030734
10030702
10032592
10030787
10032604
10030718
10032626
10030741
10032594
10030754
10032597
10030746
10032596
10032591
10032599
10027594
10030792
10030762
10030714
10032606
10027815
10030753
10032715
10032709
10032716
10032711
10032713
10032680
10032701
10032694
10032708
10032710
10032685
10032699
10032691
10032707
10032697
10032700
10032690
10032693
10032712
10032698
10032676
10030603
10032689
10030692
10030628
10030752
10032683
10030610
10030635
10030726
10032684
10030697
10032140
10032703
10030749
10032681
10032674
10031921
10030691
10031627
10032706
10032679
10030836
10032677
10030751
10030602
10030587
10030782
10032675
10032688
10032682
10032687
10031936
10032705
10030588
10030781
10032678
10031607
10032696
10032695
10032704
10032702
10030777
10032721
10032686
10000746
10032767
10032768
10032776
10032774
10032763
10032761
10032773
10032775
10032765
10032764
10032770
10032777
10032766
