10025044
10023282
10025420
10025457
10025418
10025417
10025049
10025043
10025047
10023389
10023596
10023526
10023280
10025040
10023443
10025042
10025415
10023249
10025416
10025041
10023600
10023278
10023500
10023259
10025048
10023528
10025051
10025422
10025052
10025419
10023533
10023396
10025050
10023382
10025467
10023264
10023284
10025057
10023277
10023263
10023283
10023497
10025464
10023461
10023513
10025645
10025463
10023598
10025462
10023272
10023444
10022966
10025078
10025066
10025693
10025690
10025079
10025064
10025074
10025065
10025695
10025062
10025071
10025076
10025068
10023381
10025694
10025080
10025058
10025073
10025670
10025689
10025059
10025077
10025069
10023262
10025072
10025710
10025709
10023353
10023380
10023498
10025744
10025751
10025745
10025752
10025753
10023480
10013756
10023391
10025754
10023239
10025785
10023256
10023254
10025786
10023362
10023477
10023505
10023279
10023385
10025783
10023271
10023240
10023389
10023596
10023600
10023526
10023533
10023396
10023282
10023443
10023249
10023278
10023500
10023528
10025420
10023461
10023444
10023277
10023272
10023513
10023497
10023598
10023264
10023263
10023284
10023283
10023262
10023381
