10026657
10026675
10023651
10024024
10029525
10026622
10026664
10026655
10026679
10026693
10026682
10026691
10026694
10026695
10026722
10026743
10022076
10022790
10023638
10026526
10026532
10026562
10026608
10026610
10026620
10026624
10026650
10026659
10026665
10026667
10026674
10026673
10026680
10026681
10026678
10026689
10026690
10026692
10026687
10026686
10026684
10026744
10026757
10026760
10029270
10026554
10026402
10029291
10029294
10029326
10027247
10029334
10029335
10029327
10029329
10029336
10027257
10029369
10027770
10027417
10029412
10029413
10029415
10027916
10027798
10029435
10029444
10029449
10029450
10029451
10029457
10029459
10029460
10029463
10029474
10029476
10029485
10029504
10029320
10029507
10029508
10029510
10029514
10029520
10029526
10029527
10029529
10029572
10029608
10029622
10029631
10029632
10029644
10029643
10029672
10029673
10029677
10029683
10029689
10029501
10029695
10029702
10029797
10029817
10029820
10029821
10029912
10029876
10025913
10026524
10026530
10026531
10026576
10026394
10026582
10026377
10026390
10026374
10026580
10026386
10026422
10026382
10026383
10026410
10026584
10026583
10026586
10026591
10026592
10026593
10026595
10026599
10026600
10026601
10026602
10026598
10026603
10026605
10026606
10026607
10026612
10026614
10022776
10026619
10026617
10026621
10026625
10026616
10026626
10026629
10026630
10026631
10026618
10026632
10026634
10026637
10026638
10026639
10026640
10026643
10026644
10026645
10026649
10026651
10026652
10026653
10026654
10026660
10026661
10026663
10026662
10026666
10026676
10026685
10026677
10026726
10000746
10026730
10026733
10026732
10026734
10026563
10026419
10026738
10026740
10026739
10026406
10026395
10026387
10026560
10026556
10026555
10026558
10026388
10026398
10026407
10026577
10026578
10026123
10026615
10026581
10026523
10026746
10026759
10029277
10029323
10029321
10027492
10026785
10027054
10027688
10026557
10029333
10027570
10027107
10029324
10027600
10027095
10029374
10027058
10027785
10027484
10029381
10027816
10029359
10029361
10029373
10029364
10027966
10029267
10027288
10027213
10026986
10027964
10029356
10027814
10027746
10026820
10027266
10029358
10027842
10029355
10027285
10029354
10029353
10027426
10027506
10027152
10027725
10029357
10029365
10027318
10029366
10029349
10029371
10029305
10029377
10029384
10027302
10029390
10027149
10029393
10029396
10027872
10029387
10027919
10029379
10029394
10029399
10027762
10029402
10029403
10029404
10029378
10027466
10027917
10027692
10029375
10029376
10027921
10029392
10027535
10027663
10029368
10027418
10029352
10029385
10027548
10029388
10027647
10029372
10029434
10027510
10027445
10027160
10029446
10029447
10029448
10029455
10029456
10029458
10027063
10027209
10027337
10027813
10027883
10027913
10029285
10029351
10029360
10029367
10029389
10029461
10029462
10029470
10029484
10029486
10029487
10029503
10029512
10029515
10029518
10029519
10029521
10029522
10029523
10026836
10026891
10026886
10026871
10026940
10026855
10026872
10026797
10027140
10026851
10026834
10026867
10026828
10026800
10026909
10026887
10026826
10026908
10027084
10026870
10026968
10026890
10026888
10026907
10026885
10026770
10026849
10026827
10027010
10027000
10026917
10026811
10026954
10026979
10026961
10027074
10026816
10026813
10026766
10027034
10026777
10026771
10026784
10026779
10026790
10027003
10027007
10027052
10027073
10026988
10027048
10027027
10027062
10026983
10027032
10027057
10027013
10026947
10027017
10026943
10027106
10026822
10026982
10027047
10027072
10026899
10026804
10027028
10027068
10027094
10026929
10027076
10026996
10026963
10026997
10026840
10026846
10026930
10027141
10026919
10027012
10027096
10027188
10027046
10026861
10027089
10026928
10027088
10026966
10027031
10026898
10026920
10027050
10027061
10026901
10026967
10027021
10026878
10027087
10026892
10027071
10026948
10027014
10026837
10026893
10026921
10026945
10026882
10027049
10027069
10027019
10027059
10027060
10027065
10026881
10027055
10026821
10027044
10027030
10026924
10026902
10027070
10026803
10027016
10026801
10026922
10026884
10027020
10026838
10026859
10026897
10027026
10027056
10026808
10026807
10026839
10026883
10026896
10026879
10026965
10027025
10027005
10026985
10026862
10026994
10027029
10026964
10027004
10027024
10026768
10026783
10026984
10026864
10026865
10026786
10026781
10027525
10027377
10027542
10027597
10027362
10027393
10027338
10027468
10027463
10027388
10027642
10027478
10027427
10027237
10027383
10027987
10027387
10027482
10029524
10027207
10027477
10027307
10027148
10027587
10027533
10027358
10027287
10027583
10027204
10027098
10027540
10027217
10027110
10027218
10027104
10027108
10027115
10027111
10027530
10027114
10027236
10027904
10027109
10027195
10027172
10027906
10027352
10027679
10027125
10027232
10027392
10027382
10027357
10027905
10027308
10027363
10027078
10027173
10027378
10027538
10027431
10027632
10027472
10027758
10027462
10027432
10027756
10027228
10027720
10027755
10027470
10027467
10027475
10027193
10027194
10027476
10027639
10027644
10027178
10027754
10027757
10027682
10027719
10027189
10027717
10027117
10027716
10027715
10027360
10027521
10027183
10027185
10027158
10027283
10027396
10027827
10027826
10027596
10027522
10027528
10027269
10027681
10027526
10027481
10027255
10027536
10027254
10027586
10027591
10027643
10027234
10027631
10027256
10027686
10027601
10027434
10027384
10027531
10027687
10027532
10027380
10027684
10027103
10027143
10027339
10027336
10027334
10027539
10027534
10027971
10027589
10027390
10027174
10027633
10027523
10027118
10027146
10027379
10027389
10027264
10027588
10027355
10027079
10027593
10027309
10027350
10027315
10027524
10027429
10027314
10027394
10027381
10027340
10027349
10027284
10027584
10027333
10027465
10027680
10027474
10027479
10027683
10027635
10027636
10027386
10027170
10027123
10027529
10027480
10027134
10027181
10027425
10027430
10027124
10027637
10027131
10027630
10027585
10027270
10027424
10027595
10027544
10027599
10027080
10027590
10027385
10027151
10027171
10027226
10027161
10027640
10027391
10027356
10027395
10027253
10027252
10027332
10027461
10027130
10027464
10027469
10027359
10027354
10027678
10027508
10027690
10027297
10027167
10027243
10027398
10027348
10027493
10027453
10027262
10027452
10027412
10027558
10027328
10027563
10027342
10027168
10027487
10027303
10027448
10027488
10027553
10027567
10027413
10027443
10027972
10027402
10027368
10027408
10027438
10027483
10027397
10027447
10027128
10027552
10027403
10027293
10027211
10027214
10027216
10027504
10027545
10027509
10027505
10027219
10027503
10027511
10027565
10027238
10027550
10027116
10027828
10027372
10027648
10027907
10027197
10027435
10027908
10027329
10027367
10027407
10027317
10027766
10027292
10027248
10027298
10027411
10027343
10027323
10027441
10027446
10027176
10027765
10027557
10027607
10027760
10027175
10027831
10027278
10027653
10027451
10027656
10027652
10027416
10027761
10027763
10027249
10027187
10027646
10027651
10027723
10027721
10027722
10027250
10027281
10027498
10027156
10027497
10027239
10027658
10027271
10027486
10027645
10027546
10027830
10027829
10027556
10027496
10027561
10027691
10027345
10027693
10027571
10027611
10027494
10027501
10027566
10027261
10027606
10027364
10027436
10027294
10027649
10027177
10027650
10027654
10027316
10027093
10027322
10027559
10027604
10027507
10027569
10027344
10027324
10027409
10027404
10027299
10027419
10027613
10027319
10027366
10027320
10027564
10027220
10027574
10027410
10027274
10027489
10027120
10027200
10027500
10027610
10027485
10027369
10027166
10027400
10027450
10027370
10027301
10027341
10027440
10027455
10027321
10027296
10027291
10027406
10027241
10027371
10027276
10027240
10027275
10027273
10027401
10027555
10027605
10027415
10027295
10027245
10027439
10027444
10027454
10027449
10027279
10027164
10027603
10027518
10027877
10027707
10027423
10027942
10027992
10027957
10027937
10027617
10027922
10027577
10027977
10027912
10027967
10027224
10027879
10027892
10027894
10027895
10027896
10027897
10027898
10027899
10027900
10027901
10027878
10027512
10027884
10027991
10027915
10027891
10027777
10027670
10027902
10027817
10027838
10027990
10027797
10027803
10027796
10027774
10027752
10027840
10027745
10027835
10027874
10027839
10027669
10027772
10027792
10027750
10027736
10027791
10027926
10027740
10027735
10027789
10027780
10027947
10027622
10027784
10027781
10027738
10027734
10027932
10027782
10027794
10027776
10027778
10027962
10027795
10027753
10027771
10027747
10027457
10027768
10027982
10027743
10027787
10027927
10027790
10027779
10027666
10027627
10027739
10027741
10027422
10027748
10027732
10027888
10027665
10027517
10027515
10027330
10027889
10027903
10027890
10027837
10027751
10027924
10027793
10027737
10027788
10027775
10027744
10027749
10027928
10027881
10027819
10027886
10027863
10027864
10027940
10027855
10027850
10027854
10027833
10027860
10027856
10027846
10027861
10027852
10027853
10027729
10027726
10027845
10027859
10027851
10027848
10027847
10027857
10027713
10027849
10027727
10027843
10027862
10027844
10027696
10027673
10027674
10027986
10027956
10027677
10027697
10027664
10027824
10027672
10027823
10027821
10027836
10027818
10027812
10027873
10027871
10027870
10027875
10027869
10027868
10027867
10027807
10027801
10027809
10027802
10027808
10027799
10027800
10027805
10027806
10027811
10027810
10027804
10027660
10027700
10027581
10027712
10027936
10027946
10027961
10027711
10027702
10027976
10027701
10027931
10027941
10027621
10027911
10027616
10027661
10027876
10027822
10027865
10027703
10027705
10027866
10027675
10027841
10027834
10027662
10027910
10027885
10027706
10027988
10027974
10027667
10027699
10027460
10027929
10027887
10027730
10027882
10027629
10027954
10027668
10027981
10027985
10027676
10027659
10027456
10027953
10027943
10027516
10027963
10027948
10027959
10027958
10027618
10027579
10027945
10027975
10027980
10027925
10027421
10027513
10027968
10027671
10027978
10027950
10027939
10027628
10027624
10027984
10027615
10027935
10027909
10027949
10027944
10027625
10027955
10027930
10027969
10027920
10027620
10027970
10027880
10027580
10027960
10027965
10027306
10027376
10027989
10027420
10027979
10027934
10027459
10027709
10027983
10027993
10027698
10027623
10027783
10027923
10027938
10027933
10027918
10029528
10029531
10029532
10029533
10029534
10029535
10029536
10029537
10029538
10029482
10029539
10029540
10029541
10029542
10029543
10029544
10029545
10029282
10029546
10029547
10029548
10029549
10029550
10029552
10029480
10028008
10029481
10029401
10029553
10029554
10029555
10029556
10029557
10029558
10027066
10029559
10027995
10027996
10029560
10029370
10027133
10027105
10029398
10029562
10028001
10029397
10029567
10029568
10029332
10029266
10029362
10027040
10027258
10029328
10029405
10026850
10029564
10029612
10029363
10029623
10027347
10029382
10029386
10029635
10029637
10028006
10026939
10026812
10029598
10029600
10029591
10026866
10026817
10029596
10026809
10029308
10029577
10026772
10029581
10026798
10028004
10028000
10029574
10026913
10026977
10029589
10029579
10029580
10026874
10029585
10029576
10026769
10026911
10026993
10026876
10029586
10029578
10026971
10029582
10026918
10027018
10029500
10029599
10026981
10026854
10026847
10029479
10029594
10029595
10029284
10029601
10027036
10029610
10029611
10027037
10026796
10029588
10027011
10029587
10029584
10026857
10026794
10029506
10029573
10027997
10026976
10026952
10026991
10026933
10029590
10029602
10029603
10029597
10029617
10026978
10026955
10028002
10029283
10029505
10029575
10029605
10026957
10026856
10029604
10026980
10029499
10027346
10029391
10027067
10029670
10029674
10029675
10029676
10029684
10029686
10029687
10029688
10029593
10029690
10026852
10026853
10029287
10029565
10029569
10029606
10029691
10029692
10029693
10029694
10029696
10029697
10029698
10029700
10029701
10029703
10029704
10029706
10029755
10029761
10026791
10029767
10026869
10029583
10029615
10029592
10029772
10029773
10029774
10029648
10029776
10026974
10029777
10029715
10029787
10029792
10029613
10029796
10029286
10029722
10029724
10029716
10029711
10029713
10026972
10029753
10029757
10029725
10029720
10029762
10029729
10029730
10029719
10029731
10026915
10029732
10029768
10029770
10029771
10026956
10026932
10029760
10029766
10029726
10029764
10029765
10029728
10029723
10027033
10029621
10027112
10029735
10029749
10029752
10027053
10029737
10029750
10029751
10028009
10029748
10026962
10026868
10029802
10029803
10029804
10029806
10029807
10029812
10029813
10029814
10029815
10029816
10026795
10029708
10029707
10027009
10029712
10029709
10029710
10029714
10029717
10029718
10027163
10029609
10026912
10029769
10029747
10029727
10029754
10029756
10026989
10029733
10029721
10026973
10026970
10029734
10027572
10029280
10026731
10027246
10027277
10027222
10029383
10029350
10029265
10027578
10027022
10029289
10027551
10026990
10029566
10029570
10029561
10029897
10029911
10029909
10027998
10026959
10029498
10029491
10029743
10029841
10029738
10029833
10029848
10029741
10029866
10026975
10029290
10029843
10029742
10029330
10029883
10029516
10029892
10029886
10029898
10029890
10029893
10029891
10029884
10029850
10029849
10029872
10029870
10029880
10029288
10029858
10029310
10029828
10029831
10029851
10029862
10029837
10029489
10029827
10029824
10029832
10029494
10029493
10029825
10029829
10029830
10029826
10029856
10029854
10029492
10029869
10029873
10029874
10029885
10029864
10029903
10029417
10029901
10029902
10029904
10029307
10029865
10029739
10029888
10029889
10029411
10029863
10029860
10029871
10029906
10029839
10029895
10029882
10029868
10029877
10029900
10029881
10029894
10029325
10027086
10029879
10029867
10029857
10029852
10029846
10029853
10029331
10029834
10029822
10029835
10029899
10026914
10029490
10029495
10029497
10029823
10029838
10029842
10029847
10029859
10029861
10029875
10029878
10029887
10029896
10029908
10029845
10029949
10029931
10029947
10026833
10029432
10029940
10029974
10029946
10029936
10025738
10029959
10029952
10029945
10029430
10029736
10029954
10029935
10029930
10029967
10029281
10029961
10029261
10029977
10029941
10029973
10029951
10029966
10029428
10029971
10029969
10029855
10029978
10029972
10029410
10030293
10029427
10029927
10029939
10029943
10029938
10029420
10029844
10029424
10029431
10029962
10029419
10029929
10029262
10029953
10029968
10029426
10029840
10029928
10029932
10029933
10029937
10029944
10029957
10029958
10029963
10029964
10029965
10029955
10029970
10029836
10027099
10029960
10029956
10029422
10029950
10027405
10030460
10029934
10027235
10029948
10029907
10030475
10030570
10029418
10030575
10030569
10030568
10030565
10029746
10030563
10029745
10030564
10029429
10030577
10030581
10030578
10030582
10030474
10030476
10030477
10030479
10030472
10030467
10030462
10030469
10030466
10030468
10030463
10029905
10029619
10030585
10030461
10029763
10030470
10029744
10030478
10029618
10030571
10029425
10029607
10030573
10030574
10027491
10030576
10030471
10029380
10029400
10030567
10030566
10030465
10030652
10029322
10030650
10029421
10030657
10030464
10030572
10030658
10029511
10027212
10027689
10029616
10029798
10029488
